----------
|   1   |0
|   1   |1
----------
|   2   |2
|   2   |3
----------
|   3   |4
|   3   |5
----------
|   1   |6
|   1   |7
----------
|   3   |8
|   3   |9
----------
|   2   |10
|   2   |11
|   2   |12
|   2   |13
----------
|   1   |14
|   1   |15
----------
|   2   |16
|   2   |17
|   2   |18
|   2   |19
|   2   |20
|   2   |21
|   2   |22
|   2   |23
----------
|   1   |24
|   1   |25
----------
|   1   |26
|   1   |27
|   1   |28
|   1   |29
----------
|   1   |30
|   1   |31
----------
|   2   |32
|   2   |33
|   2   |34
|   2   |35
|   2   |36
|   2   |37
|   2   |38
|   2   |39
|   2   |40
|   2   |41
|   2   |42
|   2   |43
|   2   |44
|   2   |45
|   2   |46
|   2   |47
----------
|   1   |48
|   1   |49
----------
|   2   |50
|   2   |51
|   2   |52
|   2   |53
----------
|   1   |54
|   1   |55
|  wait  |56
|  wait  |57
----------
|   2   |58
|   2   |59
|   2   |60
|   2   |61
|   2   |62
|   2   |63
|   2   |64
|  wait  |65
|  wait  |66
|  wait  |67
----------
|   2   |68
|   2   |69
|   2   |70
|   2   |71
|   2   |72
average waiting time: 15.00
average turnaround time: 45.00
